,nodes,isolates,edges,self_loops,degree,max_degree,density,distance,max_distance,clustering
0,64.0,0.0,625.2,39.5,19.5375,45.4,0.3101190476190476,2.265545585093312,5.0,0.2286927796534392
1,64.0,0.0,629.4,37.4,19.66875,54.6,0.31220238095238095,2.3506774174264344,5.6,0.2893017289411967
2,64.0,0.0,638.5,29.0,19.953125,59.6,0.31671626984126977,2.34078012760189,6.3,0.35390390873794664
3,64.0,0.0,630.5,36.7,19.703125,50.3,0.3127480158730158,2.5249505146560534,7.2,0.31995448887557576
4,64.0,0.0,637.5,28.4,19.921875,54.6,0.316220238095238,2.1537677487860942,5.7,0.26524655122417284
5,64.0,0.0,638.4,29.6,19.95,51.0,0.3166666666666666,2.187394139130684,5.2,0.22540194631875893
6,64.0,0.0,627.7,36.1,19.615625,49.4,0.311359126984127,2.330586936146906,6.2,0.2684014794555797
7,64.0,0.0,633.0,39.7,19.78125,58.3,0.3139880952380952,2.3675880017564266,5.7,0.28544743321379756
8,64.0,0.0,623.3,32.9,19.478125,51.5,0.3091765873015873,2.3318141095949563,5.8,0.2548912075975377
9,64.0,0.0,638.2,28.2,19.94375,63.0,0.3165674603174603,2.336977975334242,6.6,0.37403774255128014
