,nodes,isolates,edges,self_loops,degree,max_degree,density,distance,max_distance,clustering
0,0.2,0.0,0.1,0.0,0.1,0.1,0.0,0.1,0.1,0.0
1,0.0,0.0,0.0,0.0,0.0,0.0,0.0,0.0,0.0,0.0
2,0.0,0.0,0.0,0.0,0.0,0.0,0.0,0.0,0.0,0.0
3,0.7,0.0,0.5,0.0,0.2833333333333333,0.5,0.11666666666666665,0.2,0.2,0.0
4,0.0,0.0,0.0,0.0,0.0,0.0,0.0,0.0,0.0,0.0
5,0.4,0.0,0.3,0.0,0.15,0.3,0.05,0.1,0.1,0.0
6,0.3,0.0,0.2,0.0,0.13333333333333333,0.2,0.06666666666666667,0.1,0.1,0.0
7,7.7,0.0,7.4,0.9,1.7507936507936506,3.6,0.24054834054834054,1.0959595959595958,1.8,0.0
8,2.7,0.0,1.8,0.0,1.2,1.8,0.6,0.9,0.9,0.0
9,2.0,0.0,2.0,0.4,0.6766666666666665,1.2,0.21222222222222223,0.41,0.5,0.005
