,nodes,isolates,edges,self_loops,degree,max_degree,density,distance,max_distance,clustering
0,64.0,0.0,189.11111111111111,18.333333333333332,5.909722222222222,13.666666666666666,0.09380511463844797,4.195114949132421,11.0,0.0488618787485209
1,64.0,0.0,190.1,18.9,5.940625,14.6,0.09429563492063492,4.039443307755759,10.5,0.04898180671962841
2,64.0,0.0,211.7,11.3,6.615625,15.7,0.10500992063492065,3.6479143037065063,8.7,0.06435515527069394
3,64.0,0.0,223.55555555555554,14.444444444444445,6.986111111111111,15.666666666666666,0.11089065255731922,3.7195411212948475,9.666666666666666,0.06380534148695054
4,64.0,0.0,192.7,15.7,6.021875,15.4,0.09558531746031747,3.979039913487457,9.5,0.05466548050992327
5,64.0,0.0,195.6,18.5,6.1125,15.0,0.09702380952380951,4.034183283629071,10.8,0.06076661765946504
6,64.0,0.0,173.9,14.9,5.434375,13.0,0.08625992063492063,4.287118698906062,11.2,0.045911807969730385
7,64.0,0.0,198.7,18.0,6.209375,14.5,0.09856150793650793,3.967909789258749,10.3,0.05422986273228934
8,64.0,0.0,199.8,16.7,6.24375,13.8,0.09910714285714285,3.805373520853702,9.3,0.05496360989672172
9,64.0,0.0,194.4,11.3,6.075,14.8,0.09642857142857143,3.8206854991525865,9.5,0.059524000587208734
