,nodes,isolates,edges,self_loops,degree,max_degree,density,distance,max_distance,clustering
0,32.0,0.0,447.2,0.0,27.95,39.9,0.9016129032258065,1.6224948138339446,3.9,0.5300227084320209
1,32.0,0.0,443.8,0.0,27.7375,41.2,0.894758064516129,1.6134065209850852,3.7,0.5620360753602112
2,32.0,0.0,488.9,0.0,30.55625,45.9,0.9856854838709677,1.535383064516129,3.2,0.6246859461328355
3,32.0,0.0,414.7,0.0,25.91875,41.5,0.8360887096774194,1.6759690426638918,3.8,0.5627036195291504
4,32.0,0.0,459.9,0.0,28.74375,46.4,0.9272177419354838,1.5957401144641001,3.7,0.6000155125491402
5,32.0,0.0,449.2,0.0,28.075,45.4,0.9056451612903226,1.621744927159209,3.6,0.6123842767587092
6,32.0,0.0,426.8,0.0,26.675,43.0,0.860483870967742,1.6172834287200832,3.5,0.6042521355152661
7,28.8,0.0,309.9,0.0,19.36875,34.4,0.6247983870967742,1.6598369753728754,4.5,0.4691823710239874
8,32.0,0.0,399.3,0.0,24.95625,41.4,0.8050403225806452,1.7163211139617498,4.1,0.5869485558043979
9,32.0,0.0,332.9,0.0,20.80625,40.2,0.6711693548387097,1.7566239594172735,3.4,0.45705670303606727
